{"@class":"BaseSkinController","id":{"uuid":"0C73E8BD-BFD1-4C84-82DE-ACAC1C5B57EC"},"boneInfoCollection":[{"@class":"BoneInfo","index":0,"offset":{"values":[1.0,2.220446313948109e-16,2.220446313948109e-16,0.0,-2.220446313948109e-16,1.0,-4.930381833125675e-32,0.0,-2.220446313948109e-16,-4.930381833125675e-32,1.0,0.0,0.0,0.0,0.0,1.0]}},{"@class":"BoneInfo","index":1,"offset":{"values":[1.0,6.617446793690394e-23,9.26442286059391e-23,0.0,-4.2813320949975289e-23,1.0000001192092896,-1.3320943992312096e-7,0.0,-8.953558652484e-23,1.3320943992312096e-7,1.0,0.0,5.524338955825196e-17,-0.5316458940505981,-0.034149084240198138,1.0]}},{"@class":"BoneInfo","index":2,"offset":{"values":[1.0,9.96996821843224e-17,-1.6506806849705007e-18,0.0,-9.95499955806748e-17,0.9991725087165833,0.04067361727356911,0.0,5.7044567070280057e-18,-0.04067361354827881,0.9991725087165833,0.0,1.0731303930737067e-16,-0.6963477730751038,-0.055964287370443347,1.0]}},{"@class":"BoneInfo","index":3,"offset":{"values":[1.0,5.367756312846868e-17,-4.783185850760719e-19,0.0,-5.356675401361108e-17,0.9984340071678162,0.05594205856323242,0.0,3.480387656325547e-18,-0.055942051112651828,0.9984338879585266,0.0,6.662133167581276e-17,-0.8833861947059631,-0.0694757029414177,1.0]}},{"@class":"BoneInfo","index":4,"offset":{"values":[1.0,6.138300199730635e-17,-6.25505345514956e-19,0.0,-6.12620351045266e-17,0.9985740780830383,0.05338706821203232,0.0,3.901700934391162e-18,-0.05338706821203232,0.998573899269104,0.0,7.463401189393223e-17,-1.039773941040039,-0.0668153390288353,1.0]}},{"@class":"BoneInfo","index":5,"offset":{"values":[1.0,9.484468983673707e-23,1.097565022845809e-22,0.0,-4.9094455513842067e-23,1.0000001192092896,-1.6391277313232423e-7,0.0,-7.806517030969199e-23,1.6391277313232423e-7,0.9999999403953552,0.0,1.1626451640023286e-22,-1.2237088680267335,-0.0013781305169686676,1.0]}},{"@class":"BoneInfo","index":6,"offset":{"values":[1.0,-1.593670842451601e-23,1.0940811606528633e-22,0.0,6.439682352952995e-23,1.0000001192092896,-5.1717144344820556e-8,0.0,-7.928605562282272e-23,4.799188957349543e-8,0.9999999403953552,0.0,-3.6492017588814656e-23,-1.2799137830734254,-0.01862396113574505,1.0]}},{"@class":"BoneInfo","index":7,"offset":{"values":[0.1689261645078659,0.9531140327453613,-0.2510734796524048,0.0,-0.12319865822792053,-0.2323181927204132,-0.9648061394691467,0.0,-0.9778988361358643,0.19391293823719026,0.07817770540714264,0.0,0.13891077041625977,0.22121544182300569,1.1730000972747803,1.0]}},{"@class":"BoneInfo","index":8,"offset":{"values":[0.07556991279125214,0.6243842840194702,-0.7774533629417419,0.0,0.1992356777191162,-0.7734156847000122,-0.6017754673957825,0.0,-0.9770334959030151,-0.10942021757364273,-0.18284659087657929,0.0,-0.2093392014503479,0.7383542656898499,0.8981050252914429,1.0000001192092896]}},{"@class":"BoneInfo","index":9,"offset":{"values":[0.16724857687950135,0.6860814094543457,-0.7080398797988892,0.0,0.09654499590396881,-0.7261006832122803,-0.680776834487915,0.0,-0.9811763167381287,0.045501332730054858,-0.18767701089382173,0.0,-0.1533939391374588,0.378528356552124,0.941642165184021,1.0]}},{"@class":"BoneInfo","index":10,"offset":{"values":[-0.1546410173177719,0.5847234129905701,-0.796357274055481,0.0,0.03011995181441307,-0.8028887510299683,-0.5953680872917175,0.0,-0.9875115752220154,-0.11605451256036759,0.10654760152101517,0.0,0.07644793391227722,0.3328787684440613,0.9158409237861633,1.0]}},{"@class":"BoneInfo","index":11,"offset":{"values":[0.1689261645078659,-0.9531140327453613,0.2510734796524048,0.0,0.12319865822792053,-0.2323181927204132,-0.9648061394691467,0.0,0.9778988361358643,0.19391293823719026,0.07817770540714264,0.0,-0.13891077041625977,0.22121544182300569,1.1730000972747803,1.0]}},{"@class":"BoneInfo","index":12,"offset":{"values":[0.07556991279125214,-0.6243842840194702,0.7774533629417419,0.0,-0.1992356777191162,-0.7734156847000122,-0.6017754673957825,0.0,0.9770334959030151,-0.10942021757364273,-0.18284659087657929,0.0,0.2093392014503479,0.7383542656898499,0.8981050252914429,1.0000001192092896]}},{"@class":"BoneInfo","index":13,"offset":{"values":[0.16724857687950135,-0.6860814094543457,0.7080398797988892,0.0,-0.09654499590396881,-0.7261006832122803,-0.680776834487915,0.0,0.9811763167381287,0.045501332730054858,-0.18767701089382173,0.0,0.1533939391374588,0.378528356552124,0.941642165184021,1.0]}},{"@class":"BoneInfo","index":14,"offset":{"values":[-0.1546410173177719,-0.5847234129905701,0.796357274055481,0.0,-0.03011995181441307,-0.8028887510299683,-0.5953680872917175,0.0,0.9875115752220154,-0.11605451256036759,0.10654760152101517,0.0,-0.07644793391227722,0.3328787684440613,0.9158409237861633,1.0]}},{"@class":"BoneInfo","index":15,"offset":{"values":[-0.999988317489624,-0.003302528988569975,0.0034841159358620645,0.0,0.0035043261013925077,-0.9982213377952576,0.059510353952646258,0.0,0.0032845139503479006,0.05952516198158264,0.9981940388679504,0.0,0.15360666811466218,0.5849254131317139,-0.06035049632191658,0.9999998807907105]}},{"@class":"BoneInfo","index":16,"offset":{"values":[-0.9984625577926636,-0.05519301816821098,-0.0051024919375777248,0.0,0.05466756224632263,-0.9653681516647339,-0.2550995647907257,0.0,0.009156644344329834,-0.2549744248390198,0.966876208782196,0.0,0.13752587139606477,0.3135247528553009,0.038209423422813418,1.0]}},{"@class":"BoneInfo","index":17,"offset":{"values":[-0.9885180592536926,0.1225193589925766,0.08843415230512619,0.0,0.01139745768159628,-0.5231393575668335,0.8521708250045776,0.0,0.1506699025630951,0.8433734178543091,0.5157180428504944,0.0,0.14216403663158418,0.04424930363893509,-0.08819403499364853,1.0]}},{"@class":"BoneInfo","index":18,"offset":{"values":[-0.9957259297370911,0.0899854376912117,-0.020787473767995836,0.0,-0.021028876304626466,-0.0017384084640070797,0.9997772574424744,0.0,0.0899302065372467,0.995914101600647,0.0036182960029691459,0.0,0.15085074305534364,-0.1285930722951889,-0.014459854923188687,0.9999998807907105]}},{"@class":"BoneInfo","index":19,"offset":{"values":[-0.999988317489624,0.003302528988569975,-0.0034841159358620645,0.0,-0.0035043261013925077,-0.9982213377952576,0.059510353952646258,0.0,-0.0032845139503479006,0.05952516198158264,0.9981940388679504,0.0,-0.15360666811466218,0.5849254131317139,-0.06035049632191658,0.9999998807907105]}},{"@class":"BoneInfo","index":20,"offset":{"values":[-0.9984625577926636,0.05519301816821098,0.0051024919375777248,0.0,-0.05466756224632263,-0.9653681516647339,-0.2550995647907257,0.0,-0.009156644344329834,-0.2549744248390198,0.966876208782196,0.0,-0.13752587139606477,0.3135247528553009,0.038209423422813418,1.0]}},{"@class":"BoneInfo","index":21,"offset":{"values":[-0.9885180592536926,-0.1225193589925766,-0.08843415230512619,0.0,-0.01139745768159628,-0.5231393575668335,0.8521708250045776,0.0,-0.1506699025630951,0.8433734178543091,0.5157180428504944,0.0,-0.14216403663158418,0.04424930363893509,-0.08819403499364853,1.0]}},{"@class":"BoneInfo","index":22,"offset":{"values":[-0.9957259297370911,-0.0899854376912117,0.020787473767995836,0.0,0.021028876304626466,-0.0017384084640070797,0.9997772574424744,0.0,-0.0899302065372467,0.995914101600647,0.0036182960029691459,0.0,-0.15085074305534364,-0.1285930722951889,-0.014459854923188687,0.9999998807907105]}}]}