{"@class":"BaseSkinController","id":{"uuid":"4EC46932-4D31-4AB7-B539-0FB489FAAC28"},"boneInfoCollection":[{"@class":"BoneInfo","index":0,"offset":{"values":[1.0,9.70587873171427e-24,-9.70587873171427e-24,0.0,9.70587873171427e-24,1.0,0.0,0.0,-9.70587873171427e-24,0.0,1.0,0.0,0.0,0.0,0.0,1.0]}},{"@class":"BoneInfo","index":1,"offset":{"values":[1.0,-3.552713678800501e-15,-2.384186927884002e-7,0.0,-4.306723866420725e-8,0.9835498332977295,-0.18063700199127198,0.0,2.3449668162811577e-7,0.18063700199127198,0.9835498929023743,0.0,2.260683515942219e-7,-2.840764284133911,0.9481989145278931,1.0]}},{"@class":"BoneInfo","index":2,"offset":{"values":[1.0,-5.115540627274699e-14,3.574784646900517e-14,0.0,-6.394883266588186e-14,-1.0430809993522416e-7,0.9999997615814209,0.0,4.764558308821522e-21,-0.9999998807907105,-7.450577044210149e-8,0.0,1.6796960144397494e-13,-0.58871990442276,-2.960960865020752,1.0]}},{"@class":"BoneInfo","index":3,"offset":{"values":[1.0,-3.574918139293004e-14,-2.864374725906546e-14,0.0,-6.417088404707047e-14,-0.9999998807907105,1.6484169407249284e-7,0.0,-2.220398138949234e-16,-1.6292069915380126e-7,-1.0,0.0,-0.3622766137123108,2.681614875793457,-0.8531497716903687,1.0]}},{"@class":"BoneInfo","index":4,"offset":{"values":[2.220458754744522e-16,1.0,-2.2204377112697386e-16,0.0,0.9999998807907105,-6.417088404707047e-14,2.8504305760179707e-7,0.0,2.831220911048149e-7,2.8199659743281294e-14,-1.0,0.0,-1.845184564590454,-0.3622766137123108,-0.8531500697135925,1.0]}},{"@class":"BoneInfo","index":5,"offset":{"values":[0.9462291598320007,0.32349711656570437,-1.1646547193322476e-7,0.0,0.32349711656570437,-0.9462290406227112,1.1567193070050053e-7,0.0,-7.340487684359687e-8,-1.4531070746670594e-7,-1.0,0.0,-2.315415143966675,1.1584454774856568,-0.8531495332717896,1.0]}},{"@class":"BoneInfo","index":6,"offset":{"values":[1.0,-3.574917461666646e-14,-2.864375742346083e-14,0.0,-6.417088404707047e-14,-0.9999998807907105,-1.2020136352930423e-7,0.0,-2.220398138949234e-16,7.549789415861597e-8,-1.0,0.0,-0.3622766137123108,2.681615114212036,-1.4361937046051026,1.0]}},{"@class":"BoneInfo","index":7,"offset":{"values":[2.22045822534893e-16,1.0,-2.2204210353085896e-16,0.0,0.9999998807907105,-6.417087727080689e-14,1.4210853021136109e-14,0.0,4.4703497792397687e-8,2.819967329580845e-14,-1.0,0.0,-1.3537487983703614,-0.3622766137123108,-1.4361939430236817,1.0]}},{"@class":"BoneInfo","index":8,"offset":{"values":[0.946229100227356,0.3234972357749939,-2.1512300918402617e-7,0.0,0.32349711656570437,-0.9462289810180664,1.1920215570171422e-7,0.0,-1.5053261392949936e-7,-2.2468398697128578e-7,-1.0,0.0,-2.440305709838867,0.5963847637176514,-1.4361934661865235,1.0]}},{"@class":"BoneInfo","index":9,"offset":{"values":[1.0,-3.574918139293004e-14,-2.864374725906546e-14,0.0,-6.417088404707047e-14,-0.9999998807907105,1.6484169407249284e-7,0.0,-2.220398138949234e-16,-1.6292069915380126e-7,-1.0,0.0,0.3622766137123108,2.681614875793457,-0.8531497716903687,1.0]}},{"@class":"BoneInfo","index":10,"offset":{"values":[-2.220458754744522e-16,-1.0,-2.2204377112697386e-16,0.0,-0.9999998807907105,6.417088404707047e-14,2.8504305760179707e-7,0.0,-2.831220911048149e-7,-2.8199659743281294e-14,-1.0,0.0,1.845184564590454,-0.3622766137123108,-0.8531500697135925,1.0]}},{"@class":"BoneInfo","index":11,"offset":{"values":[0.9462291598320007,-0.32349711656570437,1.1646550035493419e-7,0.0,-0.32349711656570437,-0.9462290406227112,1.1567191648964581e-7,0.0,7.340496921415252e-8,-1.4531070746670594e-7,-1.0,0.0,2.315415143966675,1.1584454774856568,-0.8531495332717896,1.0]}},{"@class":"BoneInfo","index":12,"offset":{"values":[1.0,-3.574917461666646e-14,-2.864375742346083e-14,0.0,-6.417088404707047e-14,-0.9999998807907105,-1.2020136352930423e-7,0.0,-2.220398138949234e-16,7.549789415861597e-8,-1.0,0.0,0.3622766137123108,2.681615114212036,-1.4361937046051026,1.0]}},{"@class":"BoneInfo","index":13,"offset":{"values":[-2.22045822534893e-16,-1.0,-2.2204210353085896e-16,0.0,-0.9999998807907105,6.417087727080689e-14,1.4210853021136109e-14,0.0,-4.4703497792397687e-8,-2.819967329580845e-14,-1.0,0.0,1.3537487983703614,-0.3622766137123108,-1.4361939430236817,1.0]}},{"@class":"BoneInfo","index":14,"offset":{"values":[0.946229100227356,-0.3234972357749939,2.151230518165903e-7,0.0,-0.32349711656570437,-0.9462289810180664,1.192021414908595e-7,0.0,1.5053272761633708e-7,-2.2468395854957635e-7,-1.0,0.0,2.440305709838867,0.5963847637176514,-1.4361934661865235,1.0]}},{"@class":"BoneInfo","index":15,"offset":{"values":[1.0,3.552710629481891e-14,-3.8941439584050388e-7,0.0,-3.894144242622133e-7,-8.121282780385736e-14,-1.0,0.0,-4.002716872688293e-14,1.0,-2.980233304583635e-8,0.0,0.0000018644336705619936,0.08474129438400269,4.787787914276123,1.0]}},{"@class":"BoneInfo","index":16,"offset":{"values":[-4.763211336467066e-8,-8.748112456657964e-9,1.0,0.0,1.0,-5.960462701182223e-8,4.234023620597327e-8,0.0,7.450581307466564e-8,1.0,-3.9219516523303359e-9,0.0,-4.016439437866211,-0.14159812033176423,-0.2819713354110718,1.0]}},{"@class":"BoneInfo","index":17,"offset":{"values":[9.149984236955788e-8,-5.291867832823982e-9,1.0000001192092896,0.0,-1.717314468407949e-8,1.0,-1.843290653441706e-15,0.0,-1.0000001192092896,-4.5695589534489048e-8,7.882977826056958e-8,0.0,1.529852032661438,-4.016439437866211,-0.2819713056087494,1.0]}},{"@class":"BoneInfo","index":18,"offset":{"values":[5.44541080671479e-7,-1.2024981899116938e-8,1.0,0.0,0.9941596984863281,-0.10791871696710587,-5.479503215610748e-7,0.0,0.1079186499118805,0.9941598176956177,-5.948145087586454e-8,0.0,-6.1046037673950199,-0.876167893409729,-0.28196778893470766,1.0]}},{"@class":"BoneInfo","index":19,"offset":{"values":[-4.860444136056685e-8,2.407687560435079e-8,-1.0,0.0,-1.0,-5.960464477539063e-8,4.508256523649834e-8,0.0,-5.960465188081798e-8,1.0,3.9219427705461389e-9,0.0,4.016439914703369,-0.1415981501340866,-0.2819713354110718,1.0]}},{"@class":"BoneInfo","index":20,"offset":{"values":[7.617077102395342e-8,3.5218579164109089e-9,-1.0,0.0,1.7173157118577366e-8,1.0,-6.499126256154057e-15,0.0,1.0000001192092896,-6.059674717562302e-8,5.6015821314758799e-8,0.0,-1.529852032661438,-4.016439437866211,-0.2819712460041046,1.0]}},{"@class":"BoneInfo","index":21,"offset":{"values":[5.471616759678e-7,1.9657189653798924e-8,-1.0,0.0,-0.9941597580909729,-0.10791872441768646,-5.496093535839464e-7,0.0,-0.1079186424612999,0.9941597580909729,-5.966153082681558e-8,0.0,6.1046037673950199,-0.8761677145957947,-0.28196778893470766,1.0]}}]}