{"@class":"BaseSkinController","id":{"uuid":"6B9AB2DE-D0DB-4DF5-890C-2E207C5550F8"},"boneInfoCollection":[{"@class":"BoneInfo","index":0,"offset":{"values":[1.0,9.70587873171427e-24,-9.70587873171427e-24,0.0,9.70587873171427e-24,1.0,0.0,0.0,-9.70587873171427e-24,0.0,1.0,0.0,0.0,0.0,0.0,1.0]}},{"@class":"BoneInfo","index":1,"offset":{"values":[1.0,-1.7075655668087609e-14,-5.642599489874556e-7,0.0,-5.642599489874556e-7,1.1920930376163597e-7,-1.0,0.0,8.434069008510584e-14,1.0,1.4996638242337213e-7,0.0,1.432588732086515e-7,0.38150158524513247,0.2538880705833435,1.0]}},{"@class":"BoneInfo","index":2,"offset":{"values":[1.0,-1.0396287915834593e-13,-6.357299753290136e-8,0.0,6.357299753290136e-8,2.68146294502003e-7,1.0,0.0,-1.0622628671868098e-13,-1.0,2.3738923005112157e-7,0.0,-1.614047029363519e-8,-0.3815016746520996,-0.25388801097869875,1.0]}},{"@class":"BoneInfo","index":3,"offset":{"values":[1.0,1.7354985111235449e-14,2.96155022347963e-20,0.0,3.450335771081189e-20,-1.628316681490105e-8,1.0,0.0,1.016439375146447e-20,-1.0,-4.7040259687491928e-8,0.0,3.882685188985602e-14,-0.70989590883255,-0.25388818979263308,1.0]}},{"@class":"BoneInfo","index":4,"offset":{"values":[1.0,1.735497494684008e-14,2.220446313948109e-16,0.0,-2.220446049250313e-16,7.44684811593288e-8,1.0,0.0,-6.264574164655655e-23,-1.0,4.371138828673793e-8,0.0,4.006213763507738e-14,-1.03829026222229,-0.2538881003856659,1.0]}},{"@class":"BoneInfo","index":5,"offset":{"values":[1.0,1.735497494684008e-14,2.220446313948109e-16,0.0,-2.220446049250313e-16,7.44684811593288e-8,1.0,0.0,6.970345928451548e-23,-1.0,4.371138828673793e-8,0.0,4.006213763507738e-14,-1.3666846752166749,-0.2538881003856659,1.0]}},{"@class":"BoneInfo","index":6,"offset":{"values":[1.0,1.735497494684008e-14,2.22046219581587e-16,0.0,-2.220446049250313e-16,-1.6283131287764264e-8,1.0,0.0,-3.617565912227206e-23,-1.0,-4.704022416035514e-8,0.0,4.006213424694559e-14,-1.69507896900177,-0.25388824939727785,1.0]}},{"@class":"BoneInfo","index":7,"offset":{"values":[1.0,1.735497494684008e-14,2.220446313948109e-16,0.0,-2.220446049250313e-16,7.44684811593288e-8,1.0,0.0,-1.1558499792736272e-22,-1.0,4.371138828673793e-8,0.0,4.00621308588138e-14,-2.0234732627868654,-0.2538880705833435,1.0]}},{"@class":"BoneInfo","index":8,"offset":{"values":[1.0,1.735497494684008e-14,2.22045954883791e-16,0.0,-2.220446049250313e-16,-1.4322480978989916e-9,1.0,0.0,-3.617565912227206e-23,-1.0,-3.2189340970489869e-8,0.0,4.006213424694559e-14,-2.35186767578125,-0.25388824939727785,1.0]}},{"@class":"BoneInfo","index":9,"offset":{"values":[1.707639474268774e-9,0.9999451637268066,-0.01046246849000454,0.0,-4.469456982292286e-8,0.01046246849000454,0.9999452233314514,0.0,1.0,3.937581993795902e-8,1.3535140119813605e-8,0.0,-0.10218680649995804,-0.17669664323329926,-0.25205323100090029,1.0]}},{"@class":"BoneInfo","index":10,"offset":{"values":[-1.7163894483473997e-7,-0.010862305760383606,0.9999409914016724,0.0,-4.1846899279107677e-8,-0.9999410510063171,-0.010862220078706742,0.0,1.0,-1.3407116306041189e-8,2.1244552783628024e-7,0.0,-0.10218676924705506,0.2600480020046234,-0.37215498089790347,1.0]}},{"@class":"BoneInfo","index":11,"offset":{"values":[-1.4661684133443487e-7,0.9999451637268066,-0.010462470352649689,0.0,-4.438375000859196e-8,0.010462470352649689,0.9999452233314514,0.0,1.0,2.168557955428696e-7,1.1678059408382069e-8,0.0,0.054872725158929828,-0.17669662833213807,-0.25205323100090029,1.0]}},{"@class":"BoneInfo","index":12,"offset":{"values":[-3.2027787710831037e-7,-0.010862303897738457,0.9999409914016724,0.0,-7.029630211263793e-8,-0.9999410510063171,-0.01086222194135189,0.0,1.0,-4.4096914564306647e-8,3.899267824181152e-7,0.0,0.054872795939445499,0.2600480318069458,-0.37215492129325869,1.0]}},{"@class":"BoneInfo","index":13,"offset":{"values":[-2.949387294393091e-7,0.9999451637268066,-0.01046246849000454,0.0,-4.779839102297956e-8,0.01046246849000454,0.9999452233314514,0.0,1.0,3.942389525946055e-7,1.4478860776989677e-8,0.0,0.21193228662014008,-0.1766965538263321,-0.25205323100090029,1.0]}},{"@class":"BoneInfo","index":14,"offset":{"values":[-6.164943897601916e-7,-0.010862189345061779,0.9999410510063171,0.0,-3.701449813320323e-8,-0.9999411106109619,-0.010862221010029316,0.0,1.0,-1.5591625768252017e-8,7.154945933507406e-7,0.0,0.2119324505329132,0.2600480020046234,-0.3721548020839691,1.0]}},{"@class":"BoneInfo","index":15,"offset":{"values":[1.707639474268774e-9,0.9999451637268066,-0.01046246849000454,0.0,-4.469456982292286e-8,0.01046246849000454,0.9999452233314514,0.0,1.0,3.937581993795902e-8,1.3535140119813605e-8,0.0,0.36899155378341677,-0.17669662833213807,-0.2520532011985779,1.0]}},{"@class":"BoneInfo","index":16,"offset":{"values":[-3.212303170130326e-7,-0.010862189345061779,0.9999410510063171,0.0,-1.604781090236429e-7,-0.9999411106109619,-0.010862221010029316,0.0,1.0,-1.3365620077365748e-7,3.6073956266591269e-7,0.0,0.3689917027950287,0.26004794239997866,-0.3721548020839691,1.0]}},{"@class":"BoneInfo","index":17,"offset":{"values":[1.70050709624725e-11,0.9999866485595703,-0.005222117993980646,0.0,1.159497244884733e-7,0.005222120322287083,0.9999863505363464,0.0,1.0,-1.4250719004849089e-7,-1.4736147591065674e-7,0.0,-0.2592463791370392,-0.15722240507602693,-0.17453962564468385,1.0]}},{"@class":"BoneInfo","index":18,"offset":{"values":[-0.9999866485595703,-1.1847601655290419e-7,-0.005222295876592398,0.0,-0.005222298204898834,-2.152911093844523e-8,0.9999863505363464,0.0,5.4849444430793429e-11,1.0,-1.050327735896417e-8,0.0,0.41244789958000185,-0.2592463195323944,-0.17453955113887788,1.0]}},{"@class":"BoneInfo","index":19,"offset":{"values":[-0.9324987530708313,0.3611413240432739,-0.004869851749390364,0.0,-0.005222306586802006,-1.746230537946758e-8,0.9999864101409912,0.0,0.36113640666007998,0.9325111508369446,0.0018859751289710403,0.0,0.16671986877918244,-0.7108845114707947,-0.1365574449300766,1.0]}},{"@class":"BoneInfo","index":20,"offset":{"values":[-0.9811589121818543,-0.19313651323318482,-0.0051239714957773689,0.0,-0.005222294479608536,-2.305024260351729e-8,0.9999864101409912,0.0,-0.1931336373090744,0.9811720252037048,-0.0010086235124617816,0.0,0.521048367023468,-0.5121226906776428,-0.1543397605419159,1.0]}},{"@class":"BoneInfo","index":21,"offset":{"values":[1.0523617532953722e-9,-0.9999452233314514,0.010462467558681965,0.0,-1.8631977738436946e-8,0.010462469421327114,0.9999451637268066,0.0,-1.0,1.5751419724097105e-8,-4.9551029945860139e-8,0.0,0.10218682885169983,-0.17669665813446046,-0.25205323100090029,1.0]}},{"@class":"BoneInfo","index":22,"offset":{"values":[-1.7807813890158287e-7,-0.14599542319774629,-0.9892853498458862,0.0,6.999157875497986e-8,-0.9892852902412415,0.14599548280239106,0.0,-1.0,-1.0292132479605698e-8,1.990347300306894e-7,0.0,0.10218676924705506,0.1985052227973938,-0.4083135724067688,1.0]}},{"@class":"BoneInfo","index":23,"offset":{"values":[-1.4725742403243204e-7,-0.9999452233314514,0.010462467558681965,0.0,-1.6148833381635087e-8,0.01046246849000454,0.9999451637268066,0.0,-1.0,1.9319749355872774e-7,-5.047618500952922e-8,0.0,-0.05487271025776863,-0.17669664323329926,-0.25205323100090029,1.0]}},{"@class":"BoneInfo","index":24,"offset":{"values":[-3.217768949070887e-7,-0.14599542319774629,-0.9892853498458862,0.0,1.2126221804464877e-7,-0.9892852902412415,0.14599548280239106,0.0,-1.0,-3.424522532213814e-8,3.772766206111555e-7,0.0,-0.05487280339002609,0.1985052525997162,-0.4083135426044464,1.0]}},{"@class":"BoneInfo","index":25,"offset":{"values":[-2.956012963295507e-7,-0.9999452233314514,0.010462467558681965,0.0,-1.552807837867931e-8,0.010462469421327114,0.9999451637268066,0.0,-1.0,3.7063395552650038e-7,-4.953848886657397e-8,0.0,-0.21193227171897889,-0.17669658362865449,-0.25205323100090029,1.0]}},{"@class":"BoneInfo","index":26,"offset":{"values":[-6.143642963252205e-7,-0.14599555730819703,-0.989285409450531,0.0,1.343772453310521e-7,-0.9892853498458862,0.14599548280239106,0.0,-1.0,-2.408690802369051e-9,6.977226121307467e-7,0.0,-0.21193242073059083,0.19850516319274903,-0.4083133935928345,1.0]}},{"@class":"BoneInfo","index":27,"offset":{"values":[1.0523617532953722e-9,-0.9999452233314514,0.010462467558681965,0.0,-1.8631977738436946e-8,0.010462469421327114,0.9999451637268066,0.0,-1.0,1.5751419724097105e-8,-4.9551029945860139e-8,0.0,-0.36899155378341677,-0.17669665813446046,-0.25205323100090029,1.0]}},{"@class":"BoneInfo","index":28,"offset":{"values":[-3.099020773333905e-7,-0.14599555730819703,-0.989285409450531,0.0,2.0970192338154448e-7,-0.9892853498458862,0.14599549770355225,0.0,-1.0,-1.2925977443956072e-7,3.4984330454790327e-7,0.0,-0.3689917027950287,0.19850516319274903,-0.40831342339515688,1.0]}},{"@class":"BoneInfo","index":29,"offset":{"values":[8.347191826629796e-10,-0.9999867081642151,0.005222137086093426,0.0,4.097601191688227e-8,0.005222140345722437,0.9999864101409912,0.0,-1.0000001192092896,-1.541028495921637e-7,9.16325504363158e-9,0.0,0.2592463791370392,-0.1572224199771881,-0.1745396852493286,1.0]}},{"@class":"BoneInfo","index":30,"offset":{"values":[-0.9999867081642151,2.3768340895458096e-7,0.005222294945269823,0.0,0.005222298204898834,-2.2554804246510686e-8,0.9999864101409912,0.0,-5.483826240326728e-11,1.0000001192092896,-1.0503287128926786e-8,0.0,-0.4124479293823242,-0.259246289730072,-0.17453959584236146,1.0]}},{"@class":"BoneInfo","index":31,"offset":{"values":[-0.9324986934661865,-0.3611413240432739,0.00486984895542264,0.0,0.0052223061211407188,-1.8277214408612964e-8,0.9999863505363464,0.0,-0.3611364960670471,0.9325111508369446,0.0018859750125557185,0.0,-0.16671980917453767,-0.7108845710754395,-0.13655740022659303,0.9999999403953552]}},{"@class":"BoneInfo","index":32,"offset":{"values":[-0.9811589121818543,0.19313661754131318,0.005123970098793507,0.0,0.0052222940139472488,-3.00351672422039e-8,0.9999864101409912,0.0,0.19313374161720277,0.9811720848083496,-0.001008617808111012,0.0,-0.5210484266281128,-0.5121225714683533,-0.1543397307395935,1.0]}}]}