{"@class":"Character","id":{"uuid":"4B84A3DE-35F4-43CC-9FAA-6E0D566B7D54"},"airJumpIsActive":true,"maxStableSlopeAngle":45.0,"maxStableMoveSpeed":4.0,"stableMovementSharpness":0.05000000074505806,"maxAirMoveSpeed":4.0,"airAccelerationSpeed":0.10000000149011612,"rotationSpeed":0.10000000149011612,"allowJumpingWhenSliding":true,"allowWallJump":true,"jumpSpeed":1.7000000476837159,"airJumpSpeed":3.0,"wallJumpSpeed":3.0,"crouchHeight":2.9000000953674318,"crouchSpeed":3.0,"slideSpeed":12.0,"wallHangSpeed":-1.0,"maxStepHeight":0.800000011920929,"ladderClimbingSpeed":6.0,"ladderGrabSpeed":6.0,"discreteRotationAngle":90.0,"isDiscreteRotation":false,"body":[{"@class":"BaseNode","object3D":{"@class":"BaseObject3D","id":{"uuid":"2ECB3BA4-F2F4-42DD-86E8-322283040C6C"},"name":"MainCharacter Body","enabled":true,"visible":true,"hitVisible":true,"colliders":[{"@class":"BaseComponentCollider","colliderId":{"uuid":"4CEA3501-82F8-4EF2-ADD0-F84C5CAD3AE8"}}],"rigidBody":{"@class":"BaseComponentPhysBody","rigidBodyId":{"uuid":"5BCF09E0-51C3-4FA8-B169-E0D5DD2998FB"},"isEnabled":true},"transform":{"@class":"BaseComponentTransformable","localTransforms":{"values":[0.75,0.0,0.0,0.0,0.0,0.75,0.0,0.0,0.0,0.0,0.75,0.0,0.0,0.0,0.0,1.0]}},"metadata":{"importedIdentifier":"","importedName":"","isBone":false}},"children":["70AEE207-0F50-4896-B837-578FDA405069","DBC330CB-30FF-4346-8734-7679B88BC8EC","6C3E5606-B8B7-4C82-A796-AF1AEB825679"]},{"@class":"BaseNode","object3D":{"@class":"BaseObject3D","id":{"uuid":"70AEE207-0F50-4896-B837-578FDA405069"},"name":"Player_Aura","enabled":false,"visible":true,"hitVisible":true,"colliders":[{"@class":"BaseComponentCollider","colliderId":{"uuid":"B0ED15F8-82A2-4ED8-BFC7-5C9AA0D27F61"}}],"rigidBody":{"@class":"BaseComponentPhysBody","rigidBodyId":{"uuid":"B2D7C63F-2564-4D86-9FF4-CA228C43B4AB"},"isEnabled":true},"transform":{"@class":"BaseComponentTransformable","localTransforms":{"values":[1.3333333730697632,0.0,-1.8947806851624638e-14,0.0,0.0,1.3333333730697632,0.0,0.0,1.8947806851624638e-14,0.0,1.3333333730697632,0.0,0.19828781485557557,0.3648500442504883,0.0,1.0]}},"metadata":{"importedIdentifier":"","importedName":"","isBone":false}}},{"@class":"BaseNode","object3D":{"@class":"BaseObject3D","id":{"uuid":"DBC330CB-30FF-4346-8734-7679B88BC8EC"},"name":"MainCharacter","enabled":true,"visible":true,"hitVisible":true,"colliders":[{"@class":"BaseComponentCollider","colliderId":{"uuid":"8AE4F68C-4B6E-436F-B17C-096CF4948278"}}],"rigidBody":{"@class":"BaseComponentPhysBody","rigidBodyId":{"uuid":"15C1E70E-8B65-4429-99A7-9A52D6830766"},"isEnabled":false},"transform":{"@class":"BaseComponentTransformable","localTransforms":{"values":[-0.0003452301025390625,-3.0185968308282798e-11,-0.9999999403953552,0.0,-5.2111093218343289e-15,1.0,-3.0185968308282798e-11,0.0,0.9999999403953552,-5.2111093218343289e-15,-0.0003452301025390625,0.0,0.0,0.0,0.0,1.0]}},"metadata":{"importedIdentifier":"RootNode","importedName":"RootNode","isBone":false}},"children":["476D362A-3C85-4A30-B48E-86381762F806","41C94567-D12D-47CB-9D99-66228BD02768","BB9773A1-12B8-44AE-BD0E-9EE6D848863A","4FD9D74E-DC98-4C98-97A2-96460B09E2E9"]},{"@class":"BaseNode","object3D":{"@class":"BaseObject3D","id":{"uuid":"476D362A-3C85-4A30-B48E-86381762F806"},"name":"GG","enabled":true,"visible":true,"hitVisible":true,"geometry":{"@class":"BaseComponentGeometry","meshId":{"uuid":"F2CD1F3A-52E0-4E00-BC46-51D174B238DF"},"skinControllerId":{"uuid":"0C73E8BD-BFD1-4C84-82DE-ACAC1C5B57EC"},"skeleton":[{"uuid":"5DCBA81E-A448-4EC8-9C70-E27099093E84"},{"uuid":"B591FA9E-0849-4944-89BC-E97B8ECAFCFD"},{"uuid":"0907B5EB-58D8-4E6E-9B89-54BFECEC9BF7"},{"uuid":"E4FAC04E-3ABB-4B47-8F06-9C449BFD3686"},{"uuid":"9426B228-D8C9-4415-A4AD-5E206F260A72"},{"uuid":"F00E1C4B-5841-4F25-8A65-A474FDE3B0AF"},{"uuid":"268281E2-E993-46CC-B104-F05623B5CC86"},{"uuid":"23381A25-E512-423D-A854-9C8B6B1C0D33"},{"uuid":"705F1580-7683-443E-AD03-24C47EA63FA9"},{"uuid":"B0194B5C-BC14-4671-8BAF-21B04CDAF585"},{"uuid":"D3D944DC-A3C5-4D7C-8F1C-07FBCC59E307"},{"uuid":"DF020A16-7D48-41E1-9632-46216A3A5F01"},{"uuid":"7CA9BD37-F63D-4C9D-9930-882609E23B45"},{"uuid":"203C7E1A-531C-4948-8171-204A1CA86F6F"},{"uuid":"FD0FEB28-B0D4-4415-A289-A3E403B4F72F"},{"uuid":"C5AB6DD0-1814-49B6-8419-B2ECFA72CE49"},{"uuid":"EF65DCA4-9FF9-4AF8-B21C-4E8AEE317B45"},{"uuid":"F85F86F2-E927-4CD3-94D5-34AA28BC7AF2"},{"uuid":"01E40DBF-6D42-4AFC-B5C0-59B934D4161A"},{"uuid":"212323D8-28A8-4763-B9E9-4D23151E768E"},{"uuid":"6E56DF69-F0D2-4CC6-89A3-EED573FDF90E"},{"uuid":"434FA877-891D-45B1-BA68-D6C99BAA8A99"},{"uuid":"90B371F2-98D5-4320-8BE9-8E60F8C82430"}],"static":false,"shadowCast":true,"shadowReceive":true},"material":{"@class":"BaseComponentMaterial","materialId":{"uuid":"9EA38061-FAF5-4031-8E8F-DBB505E8D6CD"},"mapsStates":127},"transform":{"@class":"BaseComponentTransformable","localTransforms":{"values":[1.0,0.0,-1.4210854715202005e-14,0.0,0.0,1.0,0.0,0.0,1.4210854715202005e-14,0.0,1.0,0.0,0.0,0.0,0.0,1.0]}},"metadata":{"importedIdentifier":"GG","importedName":"GG","isBone":false}}},{"@class":"BaseNode","object3D":{"@class":"BaseObject3D","id":{"uuid":"41C94567-D12D-47CB-9D99-66228BD02768"},"name":"G_male_base_armature","enabled":true,"visible":true,"hitVisible":true,"transform":{"@class":"BaseComponentTransformable","localTransforms":{"values":[0.9996566772460938,-0.021684426814317704,0.014709950424730778,0.0,0.024532806128263475,0.9717597961425781,-0.23469343781471253,0.0,-0.009205345995724202,0.2349737584590912,0.9719582200050354,0.0,0.0010414663702249528,0.2561570703983307,0.1324242800474167,1.0]}},"metadata":{"importedIdentifier":"G_male_base_armature","importedName":"G_male_base_armature","isBone":false}},"children":["5DCBA81E-A448-4EC8-9C70-E27099093E84"]},{"@class":"BaseNode","object3D":{"@class":"BaseObject3D","id":{"uuid":"5DCBA81E-A448-4EC8-9C70-E27099093E84"},"name":"root_bone","enabled":true,"visible":true,"hitVisible":true,"transform":{"@class":"BaseComponentTransformable","localTransforms":{"values":[1.0,0.0,0.0,0.0,0.0,1.0,0.0,0.0,0.0,0.0,1.0,0.0,0.0,0.0,0.0,1.0]}},"metadata":{"importedIdentifier":"root_bone","importedName":"root_bone","isBone":true}},"children":["B591FA9E-0849-4944-89BC-E97B8ECAFCFD"]},{"@class":"BaseNode","object3D":{"@class":"BaseObject3D","id":{"uuid":"B591FA9E-0849-4944-89BC-E97B8ECAFCFD"},"name":"Hips","enabled":true,"visible":true,"hitVisible":true,"transform":{"@class":"BaseComponentTransformable","localTransforms":{"values":[1.0,0.0,0.0,0.0,0.0,1.0,0.0,0.0,0.0,0.0,1.0,0.0,-1.8087509791932808e-16,0.5316458344459534,0.034149155020713809,1.0]}},"metadata":{"importedIdentifier":"Hips","importedName":"Hips","isBone":true}},"children":["0907B5EB-58D8-4E6E-9B89-54BFECEC9BF7","C5AB6DD0-1814-49B6-8419-B2ECFA72CE49","212323D8-28A8-4763-B9E9-4D23151E768E"]},{"@class":"BaseNode","object3D":{"@class":"BaseObject3D","id":{"uuid":"0907B5EB-58D8-4E6E-9B89-54BFECEC9BF7"},"name":"spine","enabled":true,"visible":true,"hitVisible":true,"transform":{"@class":"BaseComponentTransformable","localTransforms":{"values":[0.9954048991203308,-0.005627061240375042,0.09558937698602677,0.0,-0.019793516024947168,0.9646197557449341,0.2629009485244751,0.0,-0.0936867743730545,-0.26358500123023989,0.9600759148597717,0.0,0.0,0.1664000004529953,-0.006599999964237213,1.0]}},"metadata":{"importedIdentifier":"spine","importedName":"spine","isBone":true}},"children":["E4FAC04E-3ABB-4B47-8F06-9C449BFD3686"]},{"@class":"BaseNode","object3D":{"@class":"BaseObject3D","id":{"uuid":"E4FAC04E-3ABB-4B47-8F06-9C449BFD3686"},"name":"chest_bottom","enabled":true,"visible":true,"hitVisible":true,"transform":{"@class":"BaseComponentTransformable","localTransforms":{"values":[0.9997950792312622,0.01060519553720951,0.0172470360994339,0.0,-0.008285188116133213,0.9915549755096436,-0.1294218748807907,0.0,-0.018473930656909944,0.12925246357917787,0.991439700126648,0.0,0.0,0.18799999356269837,0.0,1.0]}},"metadata":{"importedIdentifier":"chest_bottom","importedName":"chest_bottom","isBone":true}},"children":["9426B228-D8C9-4415-A4AD-5E206F260A72"]},{"@class":"BaseNode","object3D":{"@class":"BaseObject3D","id":{"uuid":"9426B228-D8C9-4415-A4AD-5E206F260A72"},"name":"chest","enabled":true,"visible":true,"hitVisible":true,"transform":{"@class":"BaseComponentTransformable","localTransforms":{"values":[0.9997751712799072,0.012744741514325142,0.016942596063017846,0.0,-0.010777213610708714,0.9937021136283875,-0.11153461784124375,0.0,-0.018257375806570054,0.11132695525884628,0.9936161041259766,0.0,0.0,0.15620000660419465,0.0,1.0]}},"metadata":{"importedIdentifier":"chest","importedName":"chest","isBone":true}},"children":["F00E1C4B-5841-4F25-8A65-A474FDE3B0AF","23381A25-E512-423D-A854-9C8B6B1C0D33","DF020A16-7D48-41E1-9632-46216A3A5F01"]},{"@class":"BaseNode","object3D":{"@class":"BaseObject3D","id":{"uuid":"F00E1C4B-5841-4F25-8A65-A474FDE3B0AF"},"name":"neck","enabled":true,"visible":true,"hitVisible":true,"transform":{"@class":"BaseComponentTransformable","localTransforms":{"values":[0.9997170567512512,-0.00566471740603447,-0.023107128217816354,0.0,0.01278003491461277,0.947079598903656,0.3207443952560425,0.0,0.020067360252141954,-0.32094889879226687,0.9468839168548584,0.0,0.0,0.18209999799728394,-0.00009999999747378752,1.0]}},"metadata":{"importedIdentifier":"neck","importedName":"neck","isBone":true}},"children":["268281E2-E993-46CC-B104-F05623B5CC86"]},{"@class":"BaseNode","object3D":{"@class":"BaseObject3D","id":{"uuid":"268281E2-E993-46CC-B104-F05623B5CC86"},"name":"Head","enabled":true,"visible":true,"hitVisible":true,"transform":{"@class":"BaseComponentTransformable","localTransforms":{"values":[1.0,0.0,0.0,0.0,0.0,1.0,0.0,0.0,0.0,0.0,1.0,0.0,1.1711807652145648e-23,0.05620479956269264,0.017245696857571603,1.0]}},"metadata":{"importedIdentifier":"Head","importedName":"Head","isBone":true}}},{"@class":"BaseNode","object3D":{"@class":"BaseObject3D","id":{"uuid":"23381A25-E512-423D-A854-9C8B6B1C0D33"},"name":"shoulder.L","enabled":true,"visible":true,"hitVisible":true,"transform":{"@class":"BaseComponentTransformable","localTransforms":{"values":[-0.051775868982076648,-0.06669416278600693,-0.9964292049407959,0.0,0.9936442971229553,0.09642092138528824,-0.05808486416935921,0.0,0.09995061159133911,-0.9931037425994873,0.06127798557281494,0.0,0.06019999831914902,0.15870000422000886,-0.001500000013038516,1.0]}},"metadata":{"importedIdentifier":"shoulder.L","importedName":"shoulder.L","isBone":true}},"children":["705F1580-7683-443E-AD03-24C47EA63FA9"]},{"@class":"BaseNode","object3D":{"@class":"BaseObject3D","id":{"uuid":"705F1580-7683-443E-AD03-24C47EA63FA9"},"name":"arm.L","enabled":true,"visible":true,"hitVisible":true,"transform":{"@class":"BaseComponentTransformable","localTransforms":{"values":[0.9436315298080444,-0.23157206177711488,-0.23650360107421876,0.0,0.18741604685783387,-0.21514113247394563,0.9584309458732605,0.0,-0.2728273570537567,-0.9487301707267761,-0.15961362421512605,0.0,0.0,0.20229999721050263,0.0,1.0]}},"metadata":{"importedIdentifier":"arm.L","importedName":"arm.L","isBone":true}},"children":["B0194B5C-BC14-4671-8BAF-21B04CDAF585"]},{"@class":"BaseNode","object3D":{"@class":"BaseObject3D","id":{"uuid":"B0194B5C-BC14-4671-8BAF-21B04CDAF585"},"name":"forearm.L","enabled":true,"visible":true,"hitVisible":true,"transform":{"@class":"BaseComponentTransformable","localTransforms":{"values":[0.7014480233192444,0.5895348787307739,-0.400523841381073,0.0,-0.63632732629776,0.7711430191993713,0.02063596062362194,0.0,0.32102686166763308,0.24038919806480409,0.9160539507865906,0.0,0.0,0.28769999742507937,0.0,1.0]}},"metadata":{"importedIdentifier":"forearm.L","importedName":"forearm.L","isBone":true}},"children":["D3D944DC-A3C5-4D7C-8F1C-07FBCC59E307"]},{"@class":"BaseNode","object3D":{"@class":"BaseObject3D","id":{"uuid":"D3D944DC-A3C5-4D7C-8F1C-07FBCC59E307"},"name":"hand.L","enabled":true,"visible":true,"hitVisible":true,"transform":{"@class":"BaseComponentTransformable","localTransforms":{"values":[0.9459673166275024,-0.17289945483207704,0.27432018518447878,0.0,0.13414925336837769,0.9788649678230286,0.15436120331287385,0.0,-0.29521137475967409,-0.10922081768512726,0.9491686224937439,0.0,0.0,0.16593167185783387,1.3504177331924439e-8,1.0]}},"metadata":{"importedIdentifier":"hand.L","importedName":"hand.L","isBone":true}}},{"@class":"BaseNode","object3D":{"@class":"BaseObject3D","id":{"uuid":"DF020A16-7D48-41E1-9632-46216A3A5F01"},"name":"shoulder.R","enabled":true,"visible":true,"hitVisible":true,"transform":{"@class":"BaseComponentTransformable","localTransforms":{"values":[0.30656468868255618,0.001354038598947227,0.9518488645553589,0.0,-0.95170658826828,0.017781343311071397,0.3064936697483063,0.0,-0.01651030406355858,-0.9998409152030945,0.006739674601703882,0.0,-0.06019999831914902,0.15870000422000886,-0.001500000013038516,1.0]}},"metadata":{"importedIdentifier":"shoulder.R","importedName":"shoulder.R","isBone":true}},"children":["7CA9BD37-F63D-4C9D-9930-882609E23B45"]},{"@class":"BaseNode","object3D":{"@class":"BaseObject3D","id":{"uuid":"7CA9BD37-F63D-4C9D-9930-882609E23B45"},"name":"arm.R","enabled":true,"visible":true,"hitVisible":true,"transform":{"@class":"BaseComponentTransformable","localTransforms":{"values":[0.7116373181343079,0.4305697977542877,-0.5551413893699646,0.0,-0.0466633103787899,0.8174075484275818,0.5741666555404663,0.0,0.7009956240653992,-0.38269370794296267,0.6017895340919495,0.0,0.0,0.20229999721050263,0.0,1.0]}},"metadata":{"importedIdentifier":"arm.R","importedName":"arm.R","isBone":true}},"children":["203C7E1A-531C-4948-8171-204A1CA86F6F"]},{"@class":"BaseNode","object3D":{"@class":"BaseObject3D","id":{"uuid":"203C7E1A-531C-4948-8171-204A1CA86F6F"},"name":"forearm.R","enabled":true,"visible":true,"hitVisible":true,"transform":{"@class":"BaseComponentTransformable","localTransforms":{"values":[0.044321827590465549,-0.7781185507774353,0.626551628112793,0.0,0.92622971534729,0.2670144736766815,0.2660861313343048,0.0,-0.37434500455856326,0.5685372352600098,0.7325510382652283,0.0,0.0,0.28769999742507937,0.0,1.0]}},"metadata":{"importedIdentifier":"forearm.R","importedName":"forearm.R","isBone":true}},"children":["FD0FEB28-B0D4-4415-A289-A3E403B4F72F"]},{"@class":"BaseNode","object3D":{"@class":"BaseObject3D","id":{"uuid":"FD0FEB28-B0D4-4415-A289-A3E403B4F72F"},"name":"hand.R","enabled":true,"visible":true,"hitVisible":true,"transform":{"@class":"BaseComponentTransformable","localTransforms":{"values":[0.9459673166275024,0.17289942502975465,-0.27432018518447878,0.0,-0.1341492384672165,0.9788649678230286,0.15436117351055146,0.0,0.29521137475967409,-0.10922078788280487,0.9491686224937439,0.0,1.862645149230957e-9,0.16593167185783387,1.043081283569336e-7,1.0]}},"metadata":{"importedIdentifier":"hand.R","importedName":"hand.R","isBone":true}},"children":["05441D12-5196-4C09-8ECB-DC1AB2E152F4"]},{"@class":"BaseNode","object3D":{"@class":"BaseObject3D","id":{"uuid":"05441D12-5196-4C09-8ECB-DC1AB2E152F4"},"name":"Key_Mesh 2","enabled":false,"visible":true,"hitVisible":true,"colliders":[{"@class":"BaseComponentCollider","colliderId":{"uuid":"6B7785AB-0FF8-4A4A-9BB8-856A3D3FB9DB"}}],"geometry":{"@class":"BaseComponentGeometry","meshId":{"uuid":"28D30559-E557-4B51-B95F-997B1FAC9280"},"static":false,"shadowCast":false,"shadowReceive":false},"material":{"@class":"BaseComponentMaterial","materialId":{"uuid":"A88FA287-EE6D-44F1-90B5-31A2A2DCF46D"},"mapsStates":127},"rigidBody":{"@class":"BaseComponentPhysBody","rigidBodyId":{"uuid":"D8EAB15A-83CD-4C86-88A3-64B1CB3783EE"},"isEnabled":true},"transform":{"@class":"BaseComponentTransformable","localTransforms":{"values":[0.178361713886261,-0.9727736115455627,-0.14798201620578767,0.0,0.9715690612792969,0.19790856540203095,-0.12994471192359925,0.0,0.15569370985031129,-0.12059757113456726,0.980415940284729,0.0,0.4164176881313324,0.029999999329447748,-0.13873735070228578,1.0]}},"metadata":{"importedIdentifier":"defaultobject","importedName":"defaultobject","isBone":false}}},{"@class":"BaseNode","object3D":{"@class":"BaseObject3D","id":{"uuid":"C5AB6DD0-1814-49B6-8419-B2ECFA72CE49"},"name":"leg_up.L","enabled":true,"visible":true,"hitVisible":true,"transform":{"@class":"BaseComponentTransformable","localTransforms":{"values":[-0.9769577980041504,-0.21105386316776277,0.0317760705947876,0.0,0.2067255675792694,-0.8986223340034485,0.38722407817840578,0.0,-0.053165119141340259,0.3848319947719574,0.9214541912078857,0.0,0.15569999814033509,0.05530000105500221,-0.009200000204145909,1.0]}},"metadata":{"importedIdentifier":"leg_up.L","importedName":"leg_up.L","isBone":true}},"children":["EF65DCA4-9FF9-4AF8-B21C-4E8AEE317B45"]},{"@class":"BaseNode","object3D":{"@class":"BaseObject3D","id":{"uuid":"EF65DCA4-9FF9-4AF8-B21C-4E8AEE317B45"},"name":"leg.L","enabled":true,"visible":true,"hitVisible":true,"transform":{"@class":"BaseComponentTransformable","localTransforms":{"values":[0.9828797578811646,-0.10200390964746475,0.1534365713596344,0.0,0.07110562175512314,-0.5582588911056519,-0.8266142010688782,0.0,0.1699751317501068,0.8233725428581238,-0.5414482355117798,0.0,0.0,0.2824999988079071,0.0,1.0]}},"metadata":{"importedIdentifier":"leg.L","importedName":"leg.L","isBone":true}},"children":["F85F86F2-E927-4CD3-94D5-34AA28BC7AF2"]},{"@class":"BaseNode","object3D":{"@class":"BaseObject3D","id":{"uuid":"F85F86F2-E927-4CD3-94D5-34AA28BC7AF2"},"name":"foot.L","enabled":true,"visible":true,"hitVisible":true,"transform":{"@class":"BaseComponentTransformable","localTransforms":{"values":[0.9840203523635864,-0.13607998192310334,0.11483132839202881,0.0,-0.07132473587989807,0.2895950675010681,0.9543833136558533,0.0,-0.16315968334674836,-0.9475124478340149,0.27531662583351138,0.0,0.0,0.21570000052452088,0.0,1.0]}},"metadata":{"importedIdentifier":"foot.L","importedName":"foot.L","isBone":true}},"children":["01E40DBF-6D42-4AFC-B5C0-59B934D4161A"]},{"@class":"BaseNode","object3D":{"@class":"BaseObject3D","id":{"uuid":"01E40DBF-6D42-4AFC-B5C0-59B934D4161A"},"name":"toe.L","enabled":true,"visible":true,"hitVisible":true,"transform":{"@class":"BaseComponentTransformable","localTransforms":{"values":[0.9976034760475159,-0.035148683935403827,-0.05959683284163475,0.0,0.06108726188540459,0.851905882358551,0.5201199054718018,0.0,0.0324893593788147,-0.5225140452384949,0.8520114421844482,0.0,2.5946064852178098e-8,0.15154524147510529,-6.05359673500061e-8,1.0]}},"metadata":{"importedIdentifier":"toe.L","importedName":"toe.L","isBone":true}}},{"@class":"BaseNode","object3D":{"@class":"BaseObject3D","id":{"uuid":"212323D8-28A8-4763-B9E9-4D23151E768E"},"name":"leg_up.R","enabled":true,"visible":true,"hitVisible":true,"transform":{"@class":"BaseComponentTransformable","localTransforms":{"values":[-0.999002993106842,0.017757473513484,-0.04096371307969093,0.0,-0.034572817385196689,-0.8882253766059876,0.45810559391975405,0.0,-0.02825303189456463,0.45911091566085818,0.8880422115325928,0.0,-0.15569999814033509,0.05530000105500221,-0.009200000204145909,1.0]}},"metadata":{"importedIdentifier":"leg_up.R","importedName":"leg_up.R","isBone":true}},"children":["6E56DF69-F0D2-4CC6-89A3-EED573FDF90E"]},{"@class":"BaseNode","object3D":{"@class":"BaseObject3D","id":{"uuid":"6E56DF69-F0D2-4CC6-89A3-EED573FDF90E"},"name":"leg.R","enabled":true,"visible":true,"hitVisible":true,"transform":{"@class":"BaseComponentTransformable","localTransforms":{"values":[0.9927113652229309,0.047411419451236728,-0.11079847067594528,0.0,-0.1059647724032402,0.7813180685043335,-0.6150720119476318,0.0,0.05740741640329361,0.6223297119140625,0.7806472182273865,0.0,0.0,0.2824999988079071,0.0,1.0]}},"metadata":{"importedIdentifier":"leg.R","importedName":"leg.R","isBone":true}},"children":["434FA877-891D-45B1-BA68-D6C99BAA8A99"]},{"@class":"BaseNode","object3D":{"@class":"BaseObject3D","id":{"uuid":"434FA877-891D-45B1-BA68-D6C99BAA8A99"},"name":"foot.R","enabled":true,"visible":true,"hitVisible":true,"transform":{"@class":"BaseComponentTransformable","localTransforms":{"values":[0.9719559550285339,0.1944074034690857,-0.1323155015707016,0.0,0.011955007910728455,0.521078884601593,0.8534247875213623,0.0,0.2348589152097702,-0.8310731649398804,0.5041415691375732,0.0,0.0,0.21570000052452088,0.0,1.0]}},"metadata":{"importedIdentifier":"foot.R","importedName":"foot.R","isBone":true}},"children":["90B371F2-98D5-4320-8BE9-8E60F8C82430"]},{"@class":"BaseNode","object3D":{"@class":"BaseObject3D","id":{"uuid":"90B371F2-98D5-4320-8BE9-8E60F8C82430"},"name":"toe.R","enabled":true,"visible":true,"hitVisible":true,"transform":{"@class":"BaseComponentTransformable","localTransforms":{"values":[0.9976034760475159,0.03514869883656502,0.05959683284163475,0.0,-0.06108727306127548,0.8519059419631958,0.520119845867157,0.0,-0.0324893593788147,-0.5225139856338501,0.852011501789093,0.0,1.6443664208054544e-8,0.15154525637626649,-4.470348358154297e-8,1.0]}},"metadata":{"importedIdentifier":"toe.R","importedName":"toe.R","isBone":true}}},{"@class":"BaseNode","object3D":{"@class":"BaseObject3D","id":{"uuid":"BB9773A1-12B8-44AE-BD0E-9EE6D848863A"},"name":"GG_animations","enabled":true,"visible":true,"hitVisible":true,"transform":{"@class":"BaseComponentTransformable","localTransforms":{"values":[1.0,0.0,0.0,0.0,0.0,1.0,0.0,0.0,0.0,0.0,1.0,0.0,0.0,0.0,0.0,1.0]}},"metadata":{"importedIdentifier":"","importedName":"","isBone":false}},"children":["986688B2-B506-4B32-86ED-170D784BADD5","AF31DD0C-6D03-42B9-A8D2-0A18C4AB9BB9","F960A8C2-6CEE-4583-B4EA-2A20A0952DCA","357E3A71-82B1-4A79-BDE6-71F7477CECEA","2A489969-4860-4DFF-8749-1DCB7550C074","94C37C48-48F2-4D0C-B89A-1BCFC88A9FFB","414CDA2D-F879-4A99-BE56-68DC4FE8D496","E79A0D7C-7448-4ECC-9AF7-D60FEEEED95C"]},{"@class":"BaseNode","object3D":{"@class":"BaseObject3D","id":{"uuid":"986688B2-B506-4B32-86ED-170D784BADD5"},"name":"Floating.fbx","enabled":true,"visible":true,"hitVisible":true,"transform":{"@class":"BaseComponentTransformable","localTransforms":{"values":[1.0,0.0,0.0,0.0,0.0,1.0,0.0,0.0,0.0,0.0,1.0,0.0,0.0,0.0,0.0,1.0]}},"metadata":{"importedIdentifier":"","importedName":"","isBone":false}}},{"@class":"BaseNode","object3D":{"@class":"BaseObject3D","id":{"uuid":"AF31DD0C-6D03-42B9-A8D2-0A18C4AB9BB9"},"name":"Idle.fbx","enabled":true,"visible":true,"hitVisible":true,"transform":{"@class":"BaseComponentTransformable","localTransforms":{"values":[1.0,0.0,0.0,0.0,0.0,1.0,0.0,0.0,0.0,0.0,1.0,0.0,0.0,0.0,0.0,1.0]}},"metadata":{"importedIdentifier":"","importedName":"","isBone":false}}},{"@class":"BaseNode","object3D":{"@class":"BaseObject3D","id":{"uuid":"F960A8C2-6CEE-4583-B4EA-2A20A0952DCA"},"name":"death.fbx","enabled":true,"visible":true,"hitVisible":true,"transform":{"@class":"BaseComponentTransformable","localTransforms":{"values":[1.0,0.0,0.0,0.0,0.0,1.0,0.0,0.0,0.0,0.0,1.0,0.0,0.0,0.0,0.0,1.0]}},"metadata":{"importedIdentifier":"","importedName":"","isBone":false}}},{"@class":"BaseNode","object3D":{"@class":"BaseObject3D","id":{"uuid":"357E3A71-82B1-4A79-BDE6-71F7477CECEA"},"name":"Idle_Alt2.fbx","enabled":true,"visible":true,"hitVisible":true,"timeline":{"@class":"BaseComponentTimeline","timelineId":{"uuid":"299688C6-1019-4261-97F4-2B249AECBC00"}},"transform":{"@class":"BaseComponentTransformable","localTransforms":{"values":[1.0,0.0,-2.842170943040401e-14,0.0,0.0,1.0,0.0,0.0,2.842170943040401e-14,0.0,1.0,0.0,0.0,0.0,0.0,1.0]}},"metadata":{"importedIdentifier":"","importedName":"","isBone":false}}},{"@class":"BaseNode","object3D":{"@class":"BaseObject3D","id":{"uuid":"2A489969-4860-4DFF-8749-1DCB7550C074"},"name":"Idle_look_around.fbx","enabled":true,"visible":true,"hitVisible":true,"timeline":{"@class":"BaseComponentTimeline","timelineId":{"uuid":"E37AFDD4-8FFA-4550-BB32-40DCC78076E0"}},"transform":{"@class":"BaseComponentTransformable","localTransforms":{"values":[1.0,0.0,-2.842170943040401e-14,0.0,0.0,1.0,0.0,0.0,2.842170943040401e-14,0.0,1.0,0.0,0.0,0.0,0.0,1.0]}},"metadata":{"importedIdentifier":"","importedName":"","isBone":false}}},{"@class":"BaseNode","object3D":{"@class":"BaseObject3D","id":{"uuid":"94C37C48-48F2-4D0C-B89A-1BCFC88A9FFB"},"name":"DoubleJump.fbx","enabled":true,"visible":true,"hitVisible":true,"transform":{"@class":"BaseComponentTransformable","localTransforms":{"values":[1.0,0.0,0.0,0.0,0.0,1.0,0.0,0.0,0.0,0.0,1.0,0.0,0.0,0.0,0.0,1.0]}},"metadata":{"importedIdentifier":"","importedName":"","isBone":false}}},{"@class":"BaseNode","object3D":{"@class":"BaseObject3D","id":{"uuid":"414CDA2D-F879-4A99-BE56-68DC4FE8D496"},"name":"DoubleJump_speedUP.fbx","enabled":true,"visible":true,"hitVisible":true,"transform":{"@class":"BaseComponentTransformable","localTransforms":{"values":[1.0,0.0,-1.4210854715202005e-14,0.0,0.0,1.0,0.0,0.0,1.4210854715202005e-14,0.0,1.0,0.0,0.0,0.0,0.0,1.0]}},"metadata":{"importedIdentifier":"","importedName":"","isBone":false}}},{"@class":"BaseNode","object3D":{"@class":"BaseObject3D","id":{"uuid":"E79A0D7C-7448-4ECC-9AF7-D60FEEEED95C"},"name":"Running.fbx","enabled":true,"visible":true,"hitVisible":true,"timeline":{"@class":"BaseComponentTimeline","timelineId":{"uuid":"1866A820-41DD-4A40-9561-03AF112A0633"}},"transform":{"@class":"BaseComponentTransformable","localTransforms":{"values":[1.0,0.0,0.0,0.0,0.0,1.0,0.0,0.0,0.0,0.0,1.0,0.0,0.0,0.0,0.0,1.0]}},"metadata":{"importedIdentifier":"","importedName":"","isBone":false}}},{"@class":"BaseNode","object3D":{"@class":"BaseObject3D","id":{"uuid":"4FD9D74E-DC98-4C98-97A2-96460B09E2E9"},"name":"Logic_animations","enabled":true,"visible":true,"hitVisible":true,"transform":{"@class":"BaseComponentTransformable","localTransforms":{"values":[1.0,0.0,0.0,0.0,0.0,1.0,0.0,0.0,0.0,0.0,1.0,0.0,0.0,0.0,0.0,1.0]}},"metadata":{"importedIdentifier":"","importedName":"","isBone":false}},"children":["DB508DB0-69DE-49A6-8F8E-FF4E7E9717DA","6AE92F46-B414-4E27-AF80-189C613C0207","F2ECD6D3-14C6-41C3-9D8B-CCFFDDE02A69","A1A48755-D95F-4455-B5AF-5C0E95FC5D7A","06BFCCF5-D657-4683-8B6D-200D3CCD2D21","202BBF2A-F9B8-45A3-BC69-5949AF178D67"]},{"@class":"BaseNode","object3D":{"@class":"BaseObject3D","id":{"uuid":"DB508DB0-69DE-49A6-8F8E-FF4E7E9717DA"},"name":"Blood_Ani","enabled":true,"visible":true,"hitVisible":true,"transform":{"@class":"BaseComponentTransformable","localTransforms":{"values":[1.0,0.0,-1.4210854715202005e-14,0.0,0.0,1.0,0.0,0.0,1.4210854715202005e-14,0.0,1.0,0.0,0.0,0.0,0.0,1.0]}},"metadata":{"importedIdentifier":"RootNode","importedName":"RootNode","isBone":false}},"children":["589E661A-938A-48D8-B669-13C5C2DB6DB8","DB0DBCB1-2334-4269-88AC-C75CF0C58857","9F8F5B02-F73A-4C33-8BC8-1F00B4FF3189"]},{"@class":"BaseNode","object3D":{"@class":"BaseObject3D","id":{"uuid":"589E661A-938A-48D8-B669-13C5C2DB6DB8"},"name":"Blood","enabled":false,"visible":true,"hitVisible":true,"geometry":{"@class":"BaseComponentGeometry","meshId":{"uuid":"BC26160E-5964-46BE-A82B-772EAC986F53"},"skinControllerId":{"uuid":"DFDCC0D9-A492-4FA9-9DF3-30064F7D93BB"},"skeleton":[{"uuid":"5E2800BF-0A8F-444B-9C06-755ABDD4FCD3"},{"uuid":"2FC8AFD4-536C-4A58-9019-7B910A41FA43"},{"uuid":"4A8BE078-34EC-43E7-80CD-D85285CC0A68"},{"uuid":"76B91934-1B3C-4B41-BDBE-2665E6FA8AAA"}],"static":false,"shadowCast":false,"shadowReceive":false},"material":{"@class":"BaseComponentMaterial","materialId":{"uuid":"7467B055-D6CA-4D5B-8A9E-6A42AB4479C1"},"mapsStates":127},"transform":{"@class":"BaseComponentTransformable","localTransforms":{"values":[1.0,0.0,0.0,0.0,0.0,-1.6292068494294654e-7,-1.0,0.0,0.0,1.0,-1.6292068494294654e-7,0.0,0.0,0.0,0.0,1.0]}},"metadata":{"importedIdentifier":"Blood","importedName":"Blood","isBone":false}}},{"@class":"BaseNode","object3D":{"@class":"BaseObject3D","id":{"uuid":"DB0DBCB1-2334-4269-88AC-C75CF0C58857"},"name":"Blood_Arma","enabled":true,"visible":true,"hitVisible":true,"transform":{"@class":"BaseComponentTransformable","localTransforms":{"values":[1.0,0.0,0.0,0.0,0.0,-1.6292068494294654e-7,-1.0,0.0,0.0,1.0,-1.6292068494294654e-7,0.0,0.0,0.0,0.0,1.0]}},"metadata":{"importedIdentifier":"Blood_Arma","importedName":"Blood_Arma","isBone":false}},"children":["5E2800BF-0A8F-444B-9C06-755ABDD4FCD3","2FC8AFD4-536C-4A58-9019-7B910A41FA43","4A8BE078-34EC-43E7-80CD-D85285CC0A68","76B91934-1B3C-4B41-BDBE-2665E6FA8AAA"]},{"@class":"BaseNode","object3D":{"@class":"BaseObject3D","id":{"uuid":"5E2800BF-0A8F-444B-9C06-755ABDD4FCD3"},"name":"Blood1","enabled":true,"visible":true,"hitVisible":true,"transform":{"@class":"BaseComponentTransformable","localTransforms":{"values":[1.0,0.0,0.0,0.0,0.0,-1.6292068494294654e-7,1.0,0.0,0.0,-1.0,-1.6292068494294654e-7,0.0,0.10411596298217774,0.12285725027322769,0.9166136980056763,1.0]}},"metadata":{"importedIdentifier":"Blood1","importedName":"Blood1","isBone":true}}},{"@class":"BaseNode","object3D":{"@class":"BaseObject3D","id":{"uuid":"2FC8AFD4-536C-4A58-9019-7B910A41FA43"},"name":"Blood2","enabled":true,"visible":true,"hitVisible":true,"transform":{"@class":"BaseComponentTransformable","localTransforms":{"values":[1.0,0.0,0.0,0.0,0.0,-1.6292068494294654e-7,1.0,0.0,0.0,-1.0,-1.6292068494294654e-7,0.0,-0.04999783635139465,0.0,1.1195051670074463,1.0]}},"metadata":{"importedIdentifier":"Blood2","importedName":"Blood2","isBone":true}}},{"@class":"BaseNode","object3D":{"@class":"BaseObject3D","id":{"uuid":"4A8BE078-34EC-43E7-80CD-D85285CC0A68"},"name":"Blood3","enabled":true,"visible":true,"hitVisible":true,"transform":{"@class":"BaseComponentTransformable","localTransforms":{"values":[1.0,0.0,0.0,0.0,0.0,-1.6292068494294654e-7,1.0,0.0,0.0,-1.0,-1.6292068494294654e-7,0.0,0.2593699097633362,0.0026374757289886476,1.0703043937683106,1.0]}},"metadata":{"importedIdentifier":"Blood3","importedName":"Blood3","isBone":true}}},{"@class":"BaseNode","object3D":{"@class":"BaseObject3D","id":{"uuid":"76B91934-1B3C-4B41-BDBE-2665E6FA8AAA"},"name":"Blood4","enabled":true,"visible":true,"hitVisible":true,"transform":{"@class":"BaseComponentTransformable","localTransforms":{"values":[1.0,0.0,0.0,0.0,0.0,-1.6292068494294654e-7,1.0,0.0,0.0,-1.0,-1.6292068494294654e-7,0.0,0.0970078706741333,-0.12285725027322769,1.1853575706481934,1.0]}},"metadata":{"importedIdentifier":"Blood4","importedName":"Blood4","isBone":true}}},{"@class":"BaseNode","object3D":{"@class":"BaseObject3D","id":{"uuid":"9F8F5B02-F73A-4C33-8BC8-1F00B4FF3189"},"name":"Blood_Ani.fbx 2","enabled":true,"visible":true,"hitVisible":true,"transform":{"@class":"BaseComponentTransformable","localTransforms":{"values":[1.0,0.0,0.0,0.0,0.0,1.0,0.0,0.0,0.0,0.0,1.0,0.0,0.0,0.0,0.0,1.0]}},"metadata":{"importedIdentifier":"","importedName":"","isBone":false}}},{"@class":"BaseNode","object3D":{"@class":"BaseObject3D","id":{"uuid":"6AE92F46-B414-4E27-AF80-189C613C0207"},"name":"Hurt","enabled":true,"visible":true,"hitVisible":true,"transform":{"@class":"BaseComponentTransformable","localTransforms":{"values":[1.0,0.0,-1.4210854715202005e-14,0.0,0.0,1.0,0.0,0.0,1.4210854715202005e-14,0.0,1.0,0.0,0.0,0.0,0.0,1.0]}},"metadata":{"importedIdentifier":"","importedName":"","isBone":false}}},{"@class":"BaseNode","object3D":{"@class":"BaseObject3D","id":{"uuid":"F2ECD6D3-14C6-41C3-9D8B-CCFFDDE02A69"},"name":"Health","enabled":true,"visible":true,"hitVisible":true,"transform":{"@class":"BaseComponentTransformable","localTransforms":{"values":[1.0,0.0,-2.842170943040401e-14,0.0,0.0,1.0,0.0,0.0,2.842170943040401e-14,0.0,1.0,0.0,0.0,0.0,0.0,1.0]}},"metadata":{"importedIdentifier":"","importedName":"","isBone":false}}},{"@class":"BaseNode","object3D":{"@class":"BaseObject3D","id":{"uuid":"A1A48755-D95F-4455-B5AF-5C0E95FC5D7A"},"name":"Death","enabled":true,"visible":true,"hitVisible":true,"transform":{"@class":"BaseComponentTransformable","localTransforms":{"values":[1.0,0.0,0.0,0.0,0.0,1.0,0.0,0.0,0.0,0.0,1.0,0.0,0.0,0.0,0.0,1.0]}},"metadata":{"importedIdentifier":"","importedName":"","isBone":false}}},{"@class":"BaseNode","object3D":{"@class":"BaseObject3D","id":{"uuid":"06BFCCF5-D657-4683-8B6D-200D3CCD2D21"},"name":"ReStart","enabled":true,"visible":true,"hitVisible":true,"transform":{"@class":"BaseComponentTransformable","localTransforms":{"values":[1.0,0.0,0.0,0.0,0.0,1.0,0.0,0.0,0.0,0.0,1.0,0.0,0.0,0.0,0.0,1.0]}},"metadata":{"importedIdentifier":"","importedName":"","isBone":false}}},{"@class":"BaseNode","object3D":{"@class":"BaseObject3D","id":{"uuid":"202BBF2A-F9B8-45A3-BC69-5949AF178D67"},"name":"WaterDeath","enabled":true,"visible":true,"hitVisible":true,"transform":{"@class":"BaseComponentTransformable","localTransforms":{"values":[1.0,0.0,0.0,0.0,0.0,1.0,0.0,0.0,0.0,0.0,1.0,0.0,0.0,0.0,0.0,1.0]}},"metadata":{"importedIdentifier":"","importedName":"","isBone":false}}},{"@class":"BaseNode","object3D":{"@class":"BaseObject3D","id":{"uuid":"6C3E5606-B8B7-4C82-A796-AF1AEB825679"},"name":"Animations","enabled":true,"visible":true,"hitVisible":true,"transform":{"@class":"BaseComponentTransformable","localTransforms":{"values":[1.0,0.0,0.0,0.0,0.0,1.0,0.0,0.0,0.0,0.0,1.0,0.0,0.0,0.0,0.0,1.0]}},"metadata":{"importedIdentifier":"","importedName":"","isBone":false}},"children":["FA43D6EA-EA93-4317-8C84-90E292A599CF","4911ABD1-5142-4512-9CDA-A694CDC93D4E","FEE53724-B932-41CB-BC2E-754580302F0D","510E9CB1-5631-43B7-9608-EF0AFDA51E58","69FD4F8E-03E0-4C40-BE67-5DBA30664FA6","2DF3332E-A260-47EF-8DC8-54380A580F82","D165BB29-145F-4916-9F01-C25667C378E0","14ACBBCE-B407-476F-B9FA-B4F5B7ADD9E5","7E381DBE-3952-4EE5-958F-0CE17795C7A6","B3226C02-DF4F-4B87-B67A-41941E409796","1F58DA1B-5226-4B63-A8BD-24344185FB54","C07B0DD5-CF65-40A7-8262-A879BAF2FFD4","5A269E85-5036-48DB-9C89-532D372BC30D","4F78EAF9-9EC4-493F-A1C9-CEAEE8CD777C","0D13C93B-61C0-427B-9F43-1C2A43E5B916","97B2E7DB-AC6A-4553-9BB6-A6A4DD4E4931","82254EA6-5866-43BD-B7E6-1B51CE710631"]},{"@class":"BaseNode","object3D":{"@class":"BaseObject3D","id":{"uuid":"FA43D6EA-EA93-4317-8C84-90E292A599CF"},"name":"anim_crouchIdle","enabled":true,"visible":true,"hitVisible":true,"transform":{"@class":"BaseComponentTransformable","localTransforms":{"values":[1.0,0.0,0.0,0.0,0.0,1.0,0.0,0.0,0.0,0.0,1.0,0.0,0.0,0.0,0.0,1.0]}},"metadata":{"importedIdentifier":"","importedName":"","isBone":false}}},{"@class":"BaseNode","object3D":{"@class":"BaseObject3D","id":{"uuid":"4911ABD1-5142-4512-9CDA-A694CDC93D4E"},"name":"anim_crouchWalk","enabled":true,"visible":true,"hitVisible":true,"transform":{"@class":"BaseComponentTransformable","localTransforms":{"values":[1.0,0.0,0.0,0.0,0.0,1.0,0.0,0.0,0.0,0.0,1.0,0.0,0.0,0.0,0.0,1.0]}},"metadata":{"importedIdentifier":"","importedName":"","isBone":false}}},{"@class":"BaseNode","object3D":{"@class":"BaseObject3D","id":{"uuid":"FEE53724-B932-41CB-BC2E-754580302F0D"},"name":"anim_fallingIdle","enabled":true,"visible":true,"hitVisible":true,"transform":{"@class":"BaseComponentTransformable","localTransforms":{"values":[1.0,0.0,0.0,0.0,0.0,1.0,0.0,0.0,0.0,0.0,1.0,0.0,0.0,0.0,0.0,1.0]}},"metadata":{"importedIdentifier":"","importedName":"","isBone":false}}},{"@class":"BaseNode","object3D":{"@class":"BaseObject3D","id":{"uuid":"510E9CB1-5631-43B7-9608-EF0AFDA51E58"},"name":"anim_floating","enabled":true,"visible":true,"hitVisible":true,"transform":{"@class":"BaseComponentTransformable","localTransforms":{"values":[1.0,0.0,0.0,0.0,0.0,1.0,0.0,0.0,0.0,0.0,1.0,0.0,0.0,0.0,0.0,1.0]}},"metadata":{"importedIdentifier":"","importedName":"","isBone":false}}},{"@class":"BaseNode","object3D":{"@class":"BaseObject3D","id":{"uuid":"69FD4F8E-03E0-4C40-BE67-5DBA30664FA6"},"name":"anim_frontFlip","enabled":true,"visible":true,"hitVisible":true,"transform":{"@class":"BaseComponentTransformable","localTransforms":{"values":[1.0,0.0,0.0,0.0,0.0,1.0,0.0,0.0,0.0,0.0,1.0,0.0,0.0,0.0,0.0,1.0]}},"metadata":{"importedIdentifier":"","importedName":"","isBone":false}}},{"@class":"BaseNode","object3D":{"@class":"BaseObject3D","id":{"uuid":"2DF3332E-A260-47EF-8DC8-54380A580F82"},"name":"Win_Jumps","enabled":false,"visible":true,"hitVisible":true,"transform":{"@class":"BaseComponentTransformable","localTransforms":{"values":[1.0,0.0,0.0,0.0,0.0,1.0,0.0,0.0,0.0,0.0,1.0,0.0,0.0,0.0,0.0,1.0]}},"metadata":{"importedIdentifier":"","importedName":"","isBone":false}}},{"@class":"BaseNode","object3D":{"@class":"BaseObject3D","id":{"uuid":"D165BB29-145F-4916-9F01-C25667C378E0"},"name":"anim_idle","enabled":true,"visible":true,"hitVisible":true,"timeline":{"@class":"BaseComponentTimeline","timelineId":{"uuid":"130D1B39-3310-49F9-A084-40034076059B"}},"transform":{"@class":"BaseComponentTransformable","localTransforms":{"values":[1.0,0.0,0.0,0.0,0.0,1.0,0.0,0.0,0.0,0.0,1.0,0.0,0.0,0.0,0.0,1.0]}},"metadata":{"importedIdentifier":"","importedName":"","isBone":false}}},{"@class":"BaseNode","object3D":{"@class":"BaseObject3D","id":{"uuid":"14ACBBCE-B407-476F-B9FA-B4F5B7ADD9E5"},"name":"anim_jump","enabled":true,"visible":true,"hitVisible":true,"transform":{"@class":"BaseComponentTransformable","localTransforms":{"values":[1.0,0.0,0.0,0.0,0.0,1.0,0.0,0.0,0.0,0.0,1.0,0.0,0.0,0.0,0.0,1.0]}},"metadata":{"importedIdentifier":"","importedName":"","isBone":false}}},{"@class":"BaseNode","object3D":{"@class":"BaseObject3D","id":{"uuid":"7E381DBE-3952-4EE5-958F-0CE17795C7A6"},"name":"LANDING","enabled":true,"visible":true,"hitVisible":true,"transform":{"@class":"BaseComponentTransformable","localTransforms":{"values":[1.0,0.0,0.0,0.0,0.0,1.0,0.0,0.0,0.0,0.0,1.0,0.0,0.0,0.0,0.0,1.0]}},"metadata":{"importedIdentifier":"","importedName":"","isBone":false}}},{"@class":"BaseNode","object3D":{"@class":"BaseObject3D","id":{"uuid":"B3226C02-DF4F-4B87-B67A-41941E409796"},"name":"anim_slide","enabled":true,"visible":true,"hitVisible":true,"transform":{"@class":"BaseComponentTransformable","localTransforms":{"values":[1.0,0.0,0.0,0.0,0.0,1.0,0.0,0.0,0.0,0.0,1.0,0.0,0.0,0.0,0.0,1.0]}},"metadata":{"importedIdentifier":"","importedName":"","isBone":false}}},{"@class":"BaseNode","object3D":{"@class":"BaseObject3D","id":{"uuid":"1F58DA1B-5226-4B63-A8BD-24344185FB54"},"name":"anim_toCrouch","enabled":true,"visible":true,"hitVisible":true,"transform":{"@class":"BaseComponentTransformable","localTransforms":{"values":[1.0,0.0,0.0,0.0,0.0,1.0,0.0,0.0,0.0,0.0,1.0,0.0,0.0,0.0,0.0,1.0]}},"metadata":{"importedIdentifier":"","importedName":"","isBone":false}}},{"@class":"BaseNode","object3D":{"@class":"BaseObject3D","id":{"uuid":"C07B0DD5-CF65-40A7-8262-A879BAF2FFD4"},"name":"anim_toCrouchForward","enabled":true,"visible":true,"hitVisible":true,"transform":{"@class":"BaseComponentTransformable","localTransforms":{"values":[1.0,0.0,0.0,0.0,0.0,1.0,0.0,0.0,0.0,0.0,1.0,0.0,0.0,0.0,0.0,1.0]}},"metadata":{"importedIdentifier":"","importedName":"","isBone":false}}},{"@class":"BaseNode","object3D":{"@class":"BaseObject3D","id":{"uuid":"5A269E85-5036-48DB-9C89-532D372BC30D"},"name":"anim_toStand","enabled":true,"visible":true,"hitVisible":true,"transform":{"@class":"BaseComponentTransformable","localTransforms":{"values":[1.0,0.0,0.0,0.0,0.0,1.0,0.0,0.0,0.0,0.0,1.0,0.0,0.0,0.0,0.0,1.0]}},"metadata":{"importedIdentifier":"","importedName":"","isBone":false}}},{"@class":"BaseNode","object3D":{"@class":"BaseObject3D","id":{"uuid":"4F78EAF9-9EC4-493F-A1C9-CEAEE8CD777C"},"name":"anim_toStandForward","enabled":true,"visible":true,"hitVisible":true,"transform":{"@class":"BaseComponentTransformable","localTransforms":{"values":[1.0,0.0,0.0,0.0,0.0,1.0,0.0,0.0,0.0,0.0,1.0,0.0,0.0,0.0,0.0,1.0]}},"metadata":{"importedIdentifier":"","importedName":"","isBone":false}}},{"@class":"BaseNode","object3D":{"@class":"BaseObject3D","id":{"uuid":"0D13C93B-61C0-427B-9F43-1C2A43E5B916"},"name":"anim_walk","enabled":true,"visible":true,"hitVisible":true,"timeline":{"@class":"BaseComponentTimeline","timelineId":{"uuid":"3E74B209-42A0-4090-94E4-4F4DE3EDFDF0"}},"transform":{"@class":"BaseComponentTransformable","localTransforms":{"values":[1.0,0.0,0.0,0.0,0.0,1.0,0.0,0.0,0.0,0.0,1.0,0.0,0.0,0.0,0.0,1.0]}},"metadata":{"importedIdentifier":"","importedName":"","isBone":false}}},{"@class":"BaseNode","object3D":{"@class":"BaseObject3D","id":{"uuid":"97B2E7DB-AC6A-4553-9BB6-A6A4DD4E4931"},"name":"anim_wallHangIdle","enabled":true,"visible":true,"hitVisible":true,"tra